id,nombre,vac1dosis,vac2dosis,sinVacunar
2,Philippines,20,40,40
4,Canada,7,40,53
7,Sweden,57,31,12
20,Uganda,40,32,28
32,Portugal,11,31,58
36,Greece,39,33,28
44,Marshall Islands,50,35,15
55,Belize,59,32,9
70,Bolivia,7,32,61
72,Iran,59,38,3
73,Afghanistan,25,36,39
84,Japan,44,36,20
97,Spain,29,31,40
98,Guatemala,44,39,17
